(kicad_pcb (version 20171130) (host pcbnew "(5.0.0-rc3)")

  (general
    (thickness 1.6)
    (drawings 0)
    (tracks 89)
    (zones 0)
    (modules 54)
    (nets 85)
  )

  (page A4)
  (layers
    (0 F.Cu signal)
    (1 In1.Cu power)
    (2 In2.Cu power)
    (31 B.Cu signal)
    (32 B.Adhes user)
    (33 F.Adhes user)
    (34 B.Paste user)
    (35 F.Paste user)
    (36 B.SilkS user)
    (37 F.SilkS user)
    (38 B.Mask user)
    (39 F.Mask user)
    (40 Dwgs.User user)
    (41 Cmts.User user)
    (42 Eco1.User user)
    (43 Eco2.User user)
    (44 Edge.Cuts user)
    (45 Margin user)
    (46 B.CrtYd user)
    (47 F.CrtYd user)
    (48 B.Fab user)
    (49 F.Fab user)
  )

  (setup
    (last_trace_width 0.27)
    (trace_clearance 0.127)
    (zone_clearance 0.508)
    (zone_45_only no)
    (trace_min 0.1)
    (segment_width 0.2)
    (edge_width 0.1)
    (via_size 0.46)
    (via_drill 0.26)
    (via_min_size 0.36)
    (via_min_drill 0.26)
    (uvia_size 0.45)
    (uvia_drill 0.19)
    (uvias_allowed no)
    (uvia_min_size 0.2)
    (uvia_min_drill 0.1)
    (pcb_text_width 0.3)
    (pcb_text_size 1.5 1.5)
    (mod_edge_width 0.15)
    (mod_text_size 1 1)
    (mod_text_width 0.15)
    (pad_size 1 1)
    (pad_drill 0)
    (pad_to_mask_clearance 0)
    (solder_mask_min_width 0.25)
    (aux_axis_origin 0 0)
    (visible_elements FFFFFF7F)
    (pcbplotparams
      (layerselection 0x010fc_ffffffff)
      (usegerberextensions false)
      (usegerberattributes false)
      (usegerberadvancedattributes false)
      (creategerberjobfile false)
      (excludeedgelayer true)
      (linewidth 0.100000)
      (plotframeref false)
      (viasonmask false)
      (mode 1)
      (useauxorigin false)
      (hpglpennumber 1)
      (hpglpenspeed 20)
      (hpglpendiameter 15.000000)
      (psnegative false)
      (psa4output false)
      (plotreference true)
      (plotvalue true)
      (plotinvisibletext false)
      (padsonsilk false)
      (subtractmaskfromsilk false)
      (outputformat 1)
      (mirror false)
      (drillshape 0)
      (scaleselection 1)
      (outputdirectory "export/"))
  )

  (net 0 "")
  (net 1 /D+)
  (net 2 "Net-(J1-Pad4)")
  (net 3 GND)
  (net 4 /D-)
  (net 5 VBUS)
  (net 6 /AUX-)
  (net 7 /DP_PWR)
  (net 8 /RETPOW)
  (net 9 /AUX+)
  (net 10 /HPD)
  (net 11 /CC2)
  (net 12 /CC1)
  (net 13 VOD_CTL)
  (net 14 PRE_CTL)
  (net 15 /DP_IN_0+)
  (net 16 /DP_IN_0-)
  (net 17 /DP_IN_1+)
  (net 18 /DP_IN_1-)
  (net 19 EN_CTL)
  (net 20 EQ_CTL)
  (net 21 /DP_OUT_0-)
  (net 22 /DP_OUT_0+)
  (net 23 "Net-(U3-Pad2)")
  (net 24 "Net-(U3-Pad3)")
  (net 25 "Net-(U3-Pad4)")
  (net 26 "Net-(U3-Pad20)")
  (net 27 "Net-(U3-Pad25)")
  (net 28 "Net-(U3-Pad28)")
  (net 29 "Net-(U3-Pad38)")
  (net 30 /DP_IN_2+)
  (net 31 /DP_IN_2-)
  (net 32 /DP_IN_3+)
  (net 33 /DP_IN_3-)
  (net 34 "Net-(J3-PadA2)")
  (net 35 "Net-(J3-PadA3)")
  (net 36 "Net-(J3-PadB10)")
  (net 37 "Net-(J3-PadB11)")
  (net 38 /nRESET)
  (net 39 VBUS_EN)
  (net 40 "Net-(R9-Pad2)")
  (net 41 "Net-(J3-PadA4)")
  (net 42 /EXT_3.3V)
  (net 43 /CC2_RX)
  (net 44 /LED_B_L)
  (net 45 "Net-(D1-Pad4)")
  (net 46 "Net-(D1-Pad3)")
  (net 47 /LED_G_L)
  (net 48 /LED_R_L)
  (net 49 /CC2_TX)
  (net 50 /CC2_EN)
  (net 51 /CC1_EN)
  (net 52 /CC1_TX)
  (net 53 /CC1_RX)
  (net 54 +3V3)
  (net 55 "Net-(C9-Pad1)")
  (net 56 "Net-(C10-Pad1)")
  (net 57 /TX_CLK)
  (net 58 /SWCLK)
  (net 59 /SWDIO)
  (net 60 /UART_TX)
  (net 61 /UART_RX)
  (net 62 /BOOT)
  (net 63 "Net-(D1-Pad1)")
  (net 64 "Net-(C2-Pad2)")
  (net 65 VDDA)
  (net 66 "Net-(U1-Pad5)")
  (net 67 "Net-(U1-Pad6)")
  (net 68 "Net-(U1-Pad9)")
  (net 69 "Net-(U1-Pad10)")
  (net 70 "Net-(R16-Pad1)")
  (net 71 "Net-(R14-Pad2)")
  (net 72 "Net-(R17-Pad2)")
  (net 73 "Net-(U3-Pad46)")
  (net 74 "Net-(U3-Pad43)")
  (net 75 "Net-(U3-Pad45)")
  (net 76 /CONFIG1)
  (net 77 /CONFIG2)
  (net 78 "Net-(J3-PadB2)")
  (net 79 "Net-(J3-PadB3)")
  (net 80 "Net-(C8-Pad2)")
  (net 81 "Net-(C1-Pad1)")
  (net 82 "Net-(C5-Pad1)")
  (net 83 "Net-(R15-Pad2)")
  (net 84 VDD)

  (net_class Default "This is the default net class."
    (clearance 0.127)
    (trace_width 0.27)
    (via_dia 0.46)
    (via_drill 0.26)
    (uvia_dia 0.45)
    (uvia_drill 0.19)
    (diff_pair_gap 0.2)
    (diff_pair_width 0.2)
    (add_net +3V3)
    (add_net /AUX+)
    (add_net /AUX-)
    (add_net /BOOT)
    (add_net /CC1)
    (add_net /CC1_EN)
    (add_net /CC1_RX)
    (add_net /CC1_TX)
    (add_net /CC2)
    (add_net /CC2_EN)
    (add_net /CC2_RX)
    (add_net /CC2_TX)
    (add_net /CONFIG1)
    (add_net /CONFIG2)
    (add_net /DP_PWR)
    (add_net /EXT_3.3V)
    (add_net /HPD)
    (add_net /LED_B_L)
    (add_net /LED_G_L)
    (add_net /LED_R_L)
    (add_net /RETPOW)
    (add_net /SWCLK)
    (add_net /SWDIO)
    (add_net /TX_CLK)
    (add_net /UART_RX)
    (add_net /UART_TX)
    (add_net /nRESET)
    (add_net EN_CTL)
    (add_net EQ_CTL)
    (add_net GND)
    (add_net "Net-(C1-Pad1)")
    (add_net "Net-(C10-Pad1)")
    (add_net "Net-(C5-Pad1)")
    (add_net "Net-(C8-Pad2)")
    (add_net "Net-(C9-Pad1)")
    (add_net "Net-(D1-Pad1)")
    (add_net "Net-(D1-Pad3)")
    (add_net "Net-(D1-Pad4)")
    (add_net "Net-(J1-Pad4)")
    (add_net "Net-(J3-PadA2)")
    (add_net "Net-(J3-PadA3)")
    (add_net "Net-(J3-PadA4)")
    (add_net "Net-(J3-PadB10)")
    (add_net "Net-(J3-PadB11)")
    (add_net "Net-(J3-PadB2)")
    (add_net "Net-(J3-PadB3)")
    (add_net "Net-(R14-Pad2)")
    (add_net "Net-(R15-Pad2)")
    (add_net "Net-(R16-Pad1)")
    (add_net "Net-(R17-Pad2)")
    (add_net "Net-(R9-Pad2)")
    (add_net "Net-(U1-Pad10)")
    (add_net "Net-(U1-Pad5)")
    (add_net "Net-(U1-Pad6)")
    (add_net "Net-(U1-Pad9)")
    (add_net "Net-(U3-Pad2)")
    (add_net "Net-(U3-Pad20)")
    (add_net "Net-(U3-Pad25)")
    (add_net "Net-(U3-Pad28)")
    (add_net "Net-(U3-Pad3)")
    (add_net "Net-(U3-Pad38)")
    (add_net "Net-(U3-Pad4)")
    (add_net "Net-(U3-Pad43)")
    (add_net "Net-(U3-Pad45)")
    (add_net "Net-(U3-Pad46)")
    (add_net PRE_CTL)
    (add_net VBUS)
    (add_net VBUS_EN)
    (add_net VDD)
    (add_net VDDA)
    (add_net VOD_CTL)
  )

  (net_class DisplayPort ""
    (clearance 0.127)
    (trace_width 0.2286)
    (via_dia 0.46)
    (via_drill 0.26)
    (uvia_dia 0.45)
    (uvia_drill 0.19)
    (diff_pair_gap 0.254)
    (diff_pair_width 0.2286)
    (add_net /DP_IN_0+)
    (add_net /DP_IN_0-)
    (add_net /DP_IN_1+)
    (add_net /DP_IN_1-)
    (add_net /DP_IN_2+)
    (add_net /DP_IN_2-)
    (add_net /DP_IN_3+)
    (add_net /DP_IN_3-)
    (add_net /DP_OUT_0+)
    (add_net /DP_OUT_0-)
    (add_net "Net-(C2-Pad2)")
  )

  (net_class USB ""
    (clearance 0.127)
    (trace_width 0.357)
    (via_dia 0.46)
    (via_drill 0.26)
    (uvia_dia 0.45)
    (uvia_drill 0.19)
    (diff_pair_gap 0.127)
    (diff_pair_width 0.101)
    (add_net /D+)
    (add_net /D-)
  )

  (module Resistor_SMD:R_0603_1608Metric_Pad1.05x0.95mm_HandSolder (layer F.Cu) (tedit 5B301BBD) (tstamp 5C69D5BE)
    (at 32.175001 67.365001)
    (descr "Resistor SMD 0603 (1608 Metric), square (rectangular) end terminal, IPC_7351 nominal with elongated pad for handsoldering. (Body size source: http://www.tortai-tech.com/upload/download/2011102023233369053.pdf), generated with kicad-footprint-generator")
    (tags "resistor handsolder")
    (path /5C5D6E41)
    (attr smd)
    (fp_text reference R18 (at 0 -1.43) (layer F.SilkS)
      (effects (font (size 1 1) (thickness 0.15)))
    )
    (fp_text value 1M (at 0 1.43) (layer F.Fab)
      (effects (font (size 1 1) (thickness 0.15)))
    )
    (fp_text user %R (at 0 0) (layer F.Fab)
      (effects (font (size 0.4 0.4) (thickness 0.06)))
    )
    (fp_line (start 1.65 0.73) (end -1.65 0.73) (layer F.CrtYd) (width 0.05))
    (fp_line (start 1.65 -0.73) (end 1.65 0.73) (layer F.CrtYd) (width 0.05))
    (fp_line (start -1.65 -0.73) (end 1.65 -0.73) (layer F.CrtYd) (width 0.05))
    (fp_line (start -1.65 0.73) (end -1.65 -0.73) (layer F.CrtYd) (width 0.05))
    (fp_line (start -0.171267 0.51) (end 0.171267 0.51) (layer F.SilkS) (width 0.12))
    (fp_line (start -0.171267 -0.51) (end 0.171267 -0.51) (layer F.SilkS) (width 0.12))
    (fp_line (start 0.8 0.4) (end -0.8 0.4) (layer F.Fab) (width 0.1))
    (fp_line (start 0.8 -0.4) (end 0.8 0.4) (layer F.Fab) (width 0.1))
    (fp_line (start -0.8 -0.4) (end 0.8 -0.4) (layer F.Fab) (width 0.1))
    (fp_line (start -0.8 0.4) (end -0.8 -0.4) (layer F.Fab) (width 0.1))
    (pad 2 smd roundrect (at 0.875 0) (size 1.05 0.95) (layers F.Cu F.Paste F.Mask) (roundrect_rratio 0.25)
      (net 3 GND))
    (pad 1 smd roundrect (at -0.875 0) (size 1.05 0.95) (layers F.Cu F.Paste F.Mask) (roundrect_rratio 0.25)
      (net 76 /CONFIG1))
    (model ${KISYS3DMOD}/Resistor_SMD.3dshapes/R_0603_1608Metric.wrl
      (at (xyz 0 0 0))
      (scale (xyz 1 1 1))
      (rotate (xyz 0 0 0))
    )
  )

  (module Resistor_SMD:R_0603_1608Metric_Pad1.05x0.95mm_HandSolder (layer F.Cu) (tedit 5B301BBD) (tstamp 5C69D4ED)
    (at 32.175001 65.855001)
    (descr "Resistor SMD 0603 (1608 Metric), square (rectangular) end terminal, IPC_7351 nominal with elongated pad for handsoldering. (Body size source: http://www.tortai-tech.com/upload/download/2011102023233369053.pdf), generated with kicad-footprint-generator")
    (tags "resistor handsolder")
    (path /5C5BBA7E)
    (attr smd)
    (fp_text reference R19 (at 0 -1.43) (layer F.SilkS)
      (effects (font (size 1 1) (thickness 0.15)))
    )
    (fp_text value 1M (at 0 1.43) (layer F.Fab)
      (effects (font (size 1 1) (thickness 0.15)))
    )
    (fp_line (start -0.8 0.4) (end -0.8 -0.4) (layer F.Fab) (width 0.1))
    (fp_line (start -0.8 -0.4) (end 0.8 -0.4) (layer F.Fab) (width 0.1))
    (fp_line (start 0.8 -0.4) (end 0.8 0.4) (layer F.Fab) (width 0.1))
    (fp_line (start 0.8 0.4) (end -0.8 0.4) (layer F.Fab) (width 0.1))
    (fp_line (start -0.171267 -0.51) (end 0.171267 -0.51) (layer F.SilkS) (width 0.12))
    (fp_line (start -0.171267 0.51) (end 0.171267 0.51) (layer F.SilkS) (width 0.12))
    (fp_line (start -1.65 0.73) (end -1.65 -0.73) (layer F.CrtYd) (width 0.05))
    (fp_line (start -1.65 -0.73) (end 1.65 -0.73) (layer F.CrtYd) (width 0.05))
    (fp_line (start 1.65 -0.73) (end 1.65 0.73) (layer F.CrtYd) (width 0.05))
    (fp_line (start 1.65 0.73) (end -1.65 0.73) (layer F.CrtYd) (width 0.05))
    (fp_text user %R (at 0 0) (layer F.Fab)
      (effects (font (size 0.4 0.4) (thickness 0.06)))
    )
    (pad 1 smd roundrect (at -0.875 0) (size 1.05 0.95) (layers F.Cu F.Paste F.Mask) (roundrect_rratio 0.25)
      (net 77 /CONFIG2))
    (pad 2 smd roundrect (at 0.875 0) (size 1.05 0.95) (layers F.Cu F.Paste F.Mask) (roundrect_rratio 0.25)
      (net 3 GND))
    (model ${KISYS3DMOD}/Resistor_SMD.3dshapes/R_0603_1608Metric.wrl
      (at (xyz 0 0 0))
      (scale (xyz 1 1 1))
      (rotate (xyz 0 0 0))
    )
  )

  (module Capacitor_SMD:C_0402_1005Metric (layer F.Cu) (tedit 5B301BBE) (tstamp 5C5E222D)
    (at 56.275 57.775)
    (descr "Capacitor SMD 0402 (1005 Metric), square (rectangular) end terminal, IPC_7351 nominal, (Body size source: http://www.tortai-tech.com/upload/download/2011102023233369053.pdf), generated with kicad-footprint-generator")
    (tags capacitor)
    (path /5C630E32)
    (attr smd)
    (fp_text reference C1 (at 0 -1.17) (layer F.SilkS)
      (effects (font (size 1 1) (thickness 0.15)))
    )
    (fp_text value 100n (at 0 1.17) (layer F.Fab)
      (effects (font (size 1 1) (thickness 0.15)))
    )
    (fp_line (start -0.5 0.25) (end -0.5 -0.25) (layer F.Fab) (width 0.1))
    (fp_line (start -0.5 -0.25) (end 0.5 -0.25) (layer F.Fab) (width 0.1))
    (fp_line (start 0.5 -0.25) (end 0.5 0.25) (layer F.Fab) (width 0.1))
    (fp_line (start 0.5 0.25) (end -0.5 0.25) (layer F.Fab) (width 0.1))
    (fp_line (start -0.93 0.47) (end -0.93 -0.47) (layer F.CrtYd) (width 0.05))
    (fp_line (start -0.93 -0.47) (end 0.93 -0.47) (layer F.CrtYd) (width 0.05))
    (fp_line (start 0.93 -0.47) (end 0.93 0.47) (layer F.CrtYd) (width 0.05))
    (fp_line (start 0.93 0.47) (end -0.93 0.47) (layer F.CrtYd) (width 0.05))
    (fp_text user %R (at 0 0) (layer F.Fab)
      (effects (font (size 0.25 0.25) (thickness 0.04)))
    )
    (pad 1 smd roundrect (at -0.485 0) (size 0.59 0.64) (layers F.Cu F.Paste F.Mask) (roundrect_rratio 0.25)
      (net 81 "Net-(C1-Pad1)"))
    (pad 2 smd roundrect (at 0.485 0) (size 0.59 0.64) (layers F.Cu F.Paste F.Mask) (roundrect_rratio 0.25)
      (net 22 /DP_OUT_0+))
    (model ${KISYS3DMOD}/Capacitor_SMD.3dshapes/C_0402_1005Metric.wrl
      (at (xyz 0 0 0))
      (scale (xyz 1 1 1))
      (rotate (xyz 0 0 0))
    )
  )

  (module Capacitor_SMD:C_0402_1005Metric (layer F.Cu) (tedit 5B301BBE) (tstamp 5C5E2203)
    (at 30.825 56.6)
    (descr "Capacitor SMD 0402 (1005 Metric), square (rectangular) end terminal, IPC_7351 nominal, (Body size source: http://www.tortai-tech.com/upload/download/2011102023233369053.pdf), generated with kicad-footprint-generator")
    (tags capacitor)
    (path /5C630EDA)
    (attr smd)
    (fp_text reference C5 (at 0 -1.17) (layer F.SilkS)
      (effects (font (size 1 1) (thickness 0.15)))
    )
    (fp_text value 100n (at 0 1.17) (layer F.Fab)
      (effects (font (size 1 1) (thickness 0.15)))
    )
    (fp_text user %R (at 0 0) (layer F.Fab)
      (effects (font (size 0.25 0.25) (thickness 0.04)))
    )
    (fp_line (start 0.93 0.47) (end -0.93 0.47) (layer F.CrtYd) (width 0.05))
    (fp_line (start 0.93 -0.47) (end 0.93 0.47) (layer F.CrtYd) (width 0.05))
    (fp_line (start -0.93 -0.47) (end 0.93 -0.47) (layer F.CrtYd) (width 0.05))
    (fp_line (start -0.93 0.47) (end -0.93 -0.47) (layer F.CrtYd) (width 0.05))
    (fp_line (start 0.5 0.25) (end -0.5 0.25) (layer F.Fab) (width 0.1))
    (fp_line (start 0.5 -0.25) (end 0.5 0.25) (layer F.Fab) (width 0.1))
    (fp_line (start -0.5 -0.25) (end 0.5 -0.25) (layer F.Fab) (width 0.1))
    (fp_line (start -0.5 0.25) (end -0.5 -0.25) (layer F.Fab) (width 0.1))
    (pad 2 smd roundrect (at 0.485 0) (size 0.59 0.64) (layers F.Cu F.Paste F.Mask) (roundrect_rratio 0.25)
      (net 21 /DP_OUT_0-))
    (pad 1 smd roundrect (at -0.485 0) (size 0.59 0.64) (layers F.Cu F.Paste F.Mask) (roundrect_rratio 0.25)
      (net 82 "Net-(C5-Pad1)"))
    (model ${KISYS3DMOD}/Capacitor_SMD.3dshapes/C_0402_1005Metric.wrl
      (at (xyz 0 0 0))
      (scale (xyz 1 1 1))
      (rotate (xyz 0 0 0))
    )
  )

  (module Capacitor_SMD:C_0402_1005Metric (layer F.Cu) (tedit 5B301BBE) (tstamp 5C5E21F5)
    (at 34.3 48.325 270)
    (descr "Capacitor SMD 0402 (1005 Metric), square (rectangular) end terminal, IPC_7351 nominal, (Body size source: http://www.tortai-tech.com/upload/download/2011102023233369053.pdf), generated with kicad-footprint-generator")
    (tags capacitor)
    (path /5C630DB8)
    (attr smd)
    (fp_text reference C8 (at 0 -1.17 270) (layer F.SilkS)
      (effects (font (size 1 1) (thickness 0.15)))
    )
    (fp_text value 100n (at 0 1.17 270) (layer F.Fab)
      (effects (font (size 1 1) (thickness 0.15)))
    )
    (fp_line (start -0.5 0.25) (end -0.5 -0.25) (layer F.Fab) (width 0.1))
    (fp_line (start -0.5 -0.25) (end 0.5 -0.25) (layer F.Fab) (width 0.1))
    (fp_line (start 0.5 -0.25) (end 0.5 0.25) (layer F.Fab) (width 0.1))
    (fp_line (start 0.5 0.25) (end -0.5 0.25) (layer F.Fab) (width 0.1))
    (fp_line (start -0.93 0.47) (end -0.93 -0.47) (layer F.CrtYd) (width 0.05))
    (fp_line (start -0.93 -0.47) (end 0.93 -0.47) (layer F.CrtYd) (width 0.05))
    (fp_line (start 0.93 -0.47) (end 0.93 0.47) (layer F.CrtYd) (width 0.05))
    (fp_line (start 0.93 0.47) (end -0.93 0.47) (layer F.CrtYd) (width 0.05))
    (fp_text user %R (at 0 0 270) (layer F.Fab)
      (effects (font (size 0.25 0.25) (thickness 0.04)))
    )
    (pad 1 smd roundrect (at -0.485 0 270) (size 0.59 0.64) (layers F.Cu F.Paste F.Mask) (roundrect_rratio 0.25)
      (net 16 /DP_IN_0-))
    (pad 2 smd roundrect (at 0.485 0 270) (size 0.59 0.64) (layers F.Cu F.Paste F.Mask) (roundrect_rratio 0.25)
      (net 80 "Net-(C8-Pad2)"))
    (model ${KISYS3DMOD}/Capacitor_SMD.3dshapes/C_0402_1005Metric.wrl
      (at (xyz 0 0 0))
      (scale (xyz 1 1 1))
      (rotate (xyz 0 0 0))
    )
  )

  (module Capacitor_SMD:C_0603_1608Metric_Pad1.05x0.95mm_HandSolder (layer F.Cu) (tedit 5B301BBE) (tstamp 5C5E2145)
    (at 53.74758 47.99462 90)
    (descr "Capacitor SMD 0603 (1608 Metric), square (rectangular) end terminal, IPC_7351 nominal with elongated pad for handsoldering. (Body size source: http://www.tortai-tech.com/upload/download/2011102023233369053.pdf), generated with kicad-footprint-generator")
    (tags "capacitor handsolder")
    (path /5C630363)
    (attr smd)
    (fp_text reference C13 (at 0 -1.43 90) (layer F.SilkS)
      (effects (font (size 1 1) (thickness 0.15)))
    )
    (fp_text value 100n (at 0 1.43 90) (layer F.Fab)
      (effects (font (size 1 1) (thickness 0.15)))
    )
    (fp_text user %R (at 0 0 90) (layer F.Fab)
      (effects (font (size 0.4 0.4) (thickness 0.06)))
    )
    (fp_line (start 1.65 0.73) (end -1.65 0.73) (layer F.CrtYd) (width 0.05))
    (fp_line (start 1.65 -0.73) (end 1.65 0.73) (layer F.CrtYd) (width 0.05))
    (fp_line (start -1.65 -0.73) (end 1.65 -0.73) (layer F.CrtYd) (width 0.05))
    (fp_line (start -1.65 0.73) (end -1.65 -0.73) (layer F.CrtYd) (width 0.05))
    (fp_line (start -0.171267 0.51) (end 0.171267 0.51) (layer F.SilkS) (width 0.12))
    (fp_line (start -0.171267 -0.51) (end 0.171267 -0.51) (layer F.SilkS) (width 0.12))
    (fp_line (start 0.8 0.4) (end -0.8 0.4) (layer F.Fab) (width 0.1))
    (fp_line (start 0.8 -0.4) (end 0.8 0.4) (layer F.Fab) (width 0.1))
    (fp_line (start -0.8 -0.4) (end 0.8 -0.4) (layer F.Fab) (width 0.1))
    (fp_line (start -0.8 0.4) (end -0.8 -0.4) (layer F.Fab) (width 0.1))
    (pad 2 smd roundrect (at 0.875 0 90) (size 1.05 0.95) (layers F.Cu F.Paste F.Mask) (roundrect_rratio 0.25)
      (net 54 +3V3))
    (pad 1 smd roundrect (at -0.875 0 90) (size 1.05 0.95) (layers F.Cu F.Paste F.Mask) (roundrect_rratio 0.25)
      (net 3 GND))
    (model ${KISYS3DMOD}/Capacitor_SMD.3dshapes/C_0603_1608Metric.wrl
      (at (xyz 0 0 0))
      (scale (xyz 1 1 1))
      (rotate (xyz 0 0 0))
    )
  )

  (module Capacitor_SMD:C_0603_1608Metric_Pad1.05x0.95mm_HandSolder (layer F.Cu) (tedit 5B301BBE) (tstamp 5C5E2135)
    (at 54.64166 61.73108 90)
    (descr "Capacitor SMD 0603 (1608 Metric), square (rectangular) end terminal, IPC_7351 nominal with elongated pad for handsoldering. (Body size source: http://www.tortai-tech.com/upload/download/2011102023233369053.pdf), generated with kicad-footprint-generator")
    (tags "capacitor handsolder")
    (path /5C6301F2)
    (attr smd)
    (fp_text reference C14 (at 0 -1.43 90) (layer F.SilkS)
      (effects (font (size 1 1) (thickness 0.15)))
    )
    (fp_text value 100n (at 0 1.43 90) (layer F.Fab)
      (effects (font (size 1 1) (thickness 0.15)))
    )
    (fp_line (start -0.8 0.4) (end -0.8 -0.4) (layer F.Fab) (width 0.1))
    (fp_line (start -0.8 -0.4) (end 0.8 -0.4) (layer F.Fab) (width 0.1))
    (fp_line (start 0.8 -0.4) (end 0.8 0.4) (layer F.Fab) (width 0.1))
    (fp_line (start 0.8 0.4) (end -0.8 0.4) (layer F.Fab) (width 0.1))
    (fp_line (start -0.171267 -0.51) (end 0.171267 -0.51) (layer F.SilkS) (width 0.12))
    (fp_line (start -0.171267 0.51) (end 0.171267 0.51) (layer F.SilkS) (width 0.12))
    (fp_line (start -1.65 0.73) (end -1.65 -0.73) (layer F.CrtYd) (width 0.05))
    (fp_line (start -1.65 -0.73) (end 1.65 -0.73) (layer F.CrtYd) (width 0.05))
    (fp_line (start 1.65 -0.73) (end 1.65 0.73) (layer F.CrtYd) (width 0.05))
    (fp_line (start 1.65 0.73) (end -1.65 0.73) (layer F.CrtYd) (width 0.05))
    (fp_text user %R (at 0 0 90) (layer F.Fab)
      (effects (font (size 0.4 0.4) (thickness 0.06)))
    )
    (pad 1 smd roundrect (at -0.875 0 90) (size 1.05 0.95) (layers F.Cu F.Paste F.Mask) (roundrect_rratio 0.25)
      (net 3 GND))
    (pad 2 smd roundrect (at 0.875 0 90) (size 1.05 0.95) (layers F.Cu F.Paste F.Mask) (roundrect_rratio 0.25)
      (net 54 +3V3))
    (model ${KISYS3DMOD}/Capacitor_SMD.3dshapes/C_0603_1608Metric.wrl
      (at (xyz 0 0 0))
      (scale (xyz 1 1 1))
      (rotate (xyz 0 0 0))
    )
  )

  (module Capacitor_SMD:C_0603_1608Metric_Pad1.05x0.95mm_HandSolder (layer F.Cu) (tedit 5B301BBE) (tstamp 5C5E2125)
    (at 54.6442 47.99984 90)
    (descr "Capacitor SMD 0603 (1608 Metric), square (rectangular) end terminal, IPC_7351 nominal with elongated pad for handsoldering. (Body size source: http://www.tortai-tech.com/upload/download/2011102023233369053.pdf), generated with kicad-footprint-generator")
    (tags "capacitor handsolder")
    (path /5C5EEE53)
    (attr smd)
    (fp_text reference C15 (at 0 -1.43 90) (layer F.SilkS)
      (effects (font (size 1 1) (thickness 0.15)))
    )
    (fp_text value 100n (at 0 1.43 90) (layer F.Fab)
      (effects (font (size 1 1) (thickness 0.15)))
    )
    (fp_text user %R (at 0 0 90) (layer F.Fab)
      (effects (font (size 0.4 0.4) (thickness 0.06)))
    )
    (fp_line (start 1.65 0.73) (end -1.65 0.73) (layer F.CrtYd) (width 0.05))
    (fp_line (start 1.65 -0.73) (end 1.65 0.73) (layer F.CrtYd) (width 0.05))
    (fp_line (start -1.65 -0.73) (end 1.65 -0.73) (layer F.CrtYd) (width 0.05))
    (fp_line (start -1.65 0.73) (end -1.65 -0.73) (layer F.CrtYd) (width 0.05))
    (fp_line (start -0.171267 0.51) (end 0.171267 0.51) (layer F.SilkS) (width 0.12))
    (fp_line (start -0.171267 -0.51) (end 0.171267 -0.51) (layer F.SilkS) (width 0.12))
    (fp_line (start 0.8 0.4) (end -0.8 0.4) (layer F.Fab) (width 0.1))
    (fp_line (start 0.8 -0.4) (end 0.8 0.4) (layer F.Fab) (width 0.1))
    (fp_line (start -0.8 -0.4) (end 0.8 -0.4) (layer F.Fab) (width 0.1))
    (fp_line (start -0.8 0.4) (end -0.8 -0.4) (layer F.Fab) (width 0.1))
    (pad 2 smd roundrect (at 0.875 0 90) (size 1.05 0.95) (layers F.Cu F.Paste F.Mask) (roundrect_rratio 0.25)
      (net 84 VDD))
    (pad 1 smd roundrect (at -0.875 0 90) (size 1.05 0.95) (layers F.Cu F.Paste F.Mask) (roundrect_rratio 0.25)
      (net 3 GND))
    (model ${KISYS3DMOD}/Capacitor_SMD.3dshapes/C_0603_1608Metric.wrl
      (at (xyz 0 0 0))
      (scale (xyz 1 1 1))
      (rotate (xyz 0 0 0))
    )
  )

  (module Capacitor_SMD:C_0603_1608Metric_Pad1.05x0.95mm_HandSolder (layer F.Cu) (tedit 5B301BBE) (tstamp 5C5E2104)
    (at 24.075001 72.005001)
    (descr "Capacitor SMD 0603 (1608 Metric), square (rectangular) end terminal, IPC_7351 nominal with elongated pad for handsoldering. (Body size source: http://www.tortai-tech.com/upload/download/2011102023233369053.pdf), generated with kicad-footprint-generator")
    (tags "capacitor handsolder")
    (path /5C5EEF92)
    (attr smd)
    (fp_text reference C18 (at 0 -1.43) (layer F.SilkS)
      (effects (font (size 1 1) (thickness 0.15)))
    )
    (fp_text value 100n (at 0 1.43) (layer F.Fab)
      (effects (font (size 1 1) (thickness 0.15)))
    )
    (fp_line (start -0.8 0.4) (end -0.8 -0.4) (layer F.Fab) (width 0.1))
    (fp_line (start -0.8 -0.4) (end 0.8 -0.4) (layer F.Fab) (width 0.1))
    (fp_line (start 0.8 -0.4) (end 0.8 0.4) (layer F.Fab) (width 0.1))
    (fp_line (start 0.8 0.4) (end -0.8 0.4) (layer F.Fab) (width 0.1))
    (fp_line (start -0.171267 -0.51) (end 0.171267 -0.51) (layer F.SilkS) (width 0.12))
    (fp_line (start -0.171267 0.51) (end 0.171267 0.51) (layer F.SilkS) (width 0.12))
    (fp_line (start -1.65 0.73) (end -1.65 -0.73) (layer F.CrtYd) (width 0.05))
    (fp_line (start -1.65 -0.73) (end 1.65 -0.73) (layer F.CrtYd) (width 0.05))
    (fp_line (start 1.65 -0.73) (end 1.65 0.73) (layer F.CrtYd) (width 0.05))
    (fp_line (start 1.65 0.73) (end -1.65 0.73) (layer F.CrtYd) (width 0.05))
    (fp_text user %R (at 0 0) (layer F.Fab)
      (effects (font (size 0.4 0.4) (thickness 0.06)))
    )
    (pad 1 smd roundrect (at -0.875 0) (size 1.05 0.95) (layers F.Cu F.Paste F.Mask) (roundrect_rratio 0.25)
      (net 3 GND))
    (pad 2 smd roundrect (at 0.875 0) (size 1.05 0.95) (layers F.Cu F.Paste F.Mask) (roundrect_rratio 0.25)
      (net 65 VDDA))
    (model ${KISYS3DMOD}/Capacitor_SMD.3dshapes/C_0603_1608Metric.wrl
      (at (xyz 0 0 0))
      (scale (xyz 1 1 1))
      (rotate (xyz 0 0 0))
    )
  )

  (module Inductor_SMD:L_0805_2012Metric_Pad1.15x1.40mm_HandSolder (layer F.Cu) (tedit 5B36C52B) (tstamp 5C5E1F5A)
    (at 30.825 58.1)
    (descr "Capacitor SMD 0805 (2012 Metric), square (rectangular) end terminal, IPC_7351 nominal with elongated pad for handsoldering. (Body size source: https://docs.google.com/spreadsheets/d/1BsfQQcO9C6DZCsRaXUlFlo91Tg2WpOkGARC1WS5S8t0/edit?usp=sharing), generated with kicad-footprint-generator")
    (tags "inductor handsolder")
    (path /5C510D54)
    (attr smd)
    (fp_text reference L2 (at 0 -1.65) (layer F.SilkS)
      (effects (font (size 1 1) (thickness 0.15)))
    )
    (fp_text value MH2029-300Y (at 0 1.65) (layer F.Fab)
      (effects (font (size 1 1) (thickness 0.15)))
    )
    (fp_text user %R (at 0 0) (layer F.Fab)
      (effects (font (size 0.5 0.5) (thickness 0.08)))
    )
    (fp_line (start 1.85 0.95) (end -1.85 0.95) (layer F.CrtYd) (width 0.05))
    (fp_line (start 1.85 -0.95) (end 1.85 0.95) (layer F.CrtYd) (width 0.05))
    (fp_line (start -1.85 -0.95) (end 1.85 -0.95) (layer F.CrtYd) (width 0.05))
    (fp_line (start -1.85 0.95) (end -1.85 -0.95) (layer F.CrtYd) (width 0.05))
    (fp_line (start -0.261252 0.71) (end 0.261252 0.71) (layer F.SilkS) (width 0.12))
    (fp_line (start -0.261252 -0.71) (end 0.261252 -0.71) (layer F.SilkS) (width 0.12))
    (fp_line (start 1 0.6) (end -1 0.6) (layer F.Fab) (width 0.1))
    (fp_line (start 1 -0.6) (end 1 0.6) (layer F.Fab) (width 0.1))
    (fp_line (start -1 -0.6) (end 1 -0.6) (layer F.Fab) (width 0.1))
    (fp_line (start -1 0.6) (end -1 -0.6) (layer F.Fab) (width 0.1))
    (pad 2 smd roundrect (at 1.025 0) (size 1.15 1.4) (layers F.Cu F.Paste F.Mask) (roundrect_rratio 0.217391)
      (net 65 VDDA))
    (pad 1 smd roundrect (at -1.025 0) (size 1.15 1.4) (layers F.Cu F.Paste F.Mask) (roundrect_rratio 0.217391)
      (net 54 +3V3))
    (model ${KISYS3DMOD}/Inductor_SMD.3dshapes/L_0805_2012Metric.wrl
      (at (xyz 0 0 0))
      (scale (xyz 1 1 1))
      (rotate (xyz 0 0 0))
    )
  )

  (module Inductor_SMD:L_0805_2012Metric_Pad1.15x1.40mm_HandSolder (layer F.Cu) (tedit 5B36C52B) (tstamp 5C5E1F59)
    (at 24.275001 70.275001)
    (descr "Capacitor SMD 0805 (2012 Metric), square (rectangular) end terminal, IPC_7351 nominal with elongated pad for handsoldering. (Body size source: https://docs.google.com/spreadsheets/d/1BsfQQcO9C6DZCsRaXUlFlo91Tg2WpOkGARC1WS5S8t0/edit?usp=sharing), generated with kicad-footprint-generator")
    (tags "inductor handsolder")
    (path /5C601483)
    (attr smd)
    (fp_text reference L1 (at 0 -1.65) (layer F.SilkS)
      (effects (font (size 1 1) (thickness 0.15)))
    )
    (fp_text value MH2029-300Y (at 0 1.65) (layer F.Fab)
      (effects (font (size 1 1) (thickness 0.15)))
    )
    (fp_line (start -1 0.6) (end -1 -0.6) (layer F.Fab) (width 0.1))
    (fp_line (start -1 -0.6) (end 1 -0.6) (layer F.Fab) (width 0.1))
    (fp_line (start 1 -0.6) (end 1 0.6) (layer F.Fab) (width 0.1))
    (fp_line (start 1 0.6) (end -1 0.6) (layer F.Fab) (width 0.1))
    (fp_line (start -0.261252 -0.71) (end 0.261252 -0.71) (layer F.SilkS) (width 0.12))
    (fp_line (start -0.261252 0.71) (end 0.261252 0.71) (layer F.SilkS) (width 0.12))
    (fp_line (start -1.85 0.95) (end -1.85 -0.95) (layer F.CrtYd) (width 0.05))
    (fp_line (start -1.85 -0.95) (end 1.85 -0.95) (layer F.CrtYd) (width 0.05))
    (fp_line (start 1.85 -0.95) (end 1.85 0.95) (layer F.CrtYd) (width 0.05))
    (fp_line (start 1.85 0.95) (end -1.85 0.95) (layer F.CrtYd) (width 0.05))
    (fp_text user %R (at 0 0) (layer F.Fab)
      (effects (font (size 0.5 0.5) (thickness 0.08)))
    )
    (pad 1 smd roundrect (at -1.025 0) (size 1.15 1.4) (layers F.Cu F.Paste F.Mask) (roundrect_rratio 0.217391)
      (net 84 VDD))
    (pad 2 smd roundrect (at 1.025 0) (size 1.15 1.4) (layers F.Cu F.Paste F.Mask) (roundrect_rratio 0.217391)
      (net 54 +3V3))
    (model ${KISYS3DMOD}/Inductor_SMD.3dshapes/L_0805_2012Metric.wrl
      (at (xyz 0 0 0))
      (scale (xyz 1 1 1))
      (rotate (xyz 0 0 0))
    )
  )

  (module SN75DP119:SN75DP119RGYT (layer F.Cu) (tedit 0) (tstamp 5C5E1B92)
    (at 54.9365 53.8)
    (path /5C6358AD)
    (fp_text reference U1 (at 0 0) (layer F.SilkS)
      (effects (font (size 1 1) (thickness 0.15)))
    )
    (fp_text value SN75DP119RGYT (at 0 0) (layer F.SilkS)
      (effects (font (size 1 1) (thickness 0.15)))
    )
    (fp_text user "Copyright 2016 Accelerated Designs. All rights reserved." (at 0 0) (layer Cmts.User)
      (effects (font (size 0.127 0.127) (thickness 0.002)))
    )
    (fp_text user * (at -0.75 -2.943342) (layer F.SilkS)
      (effects (font (size 1 1) (thickness 0.15)))
    )
    (fp_text user * (at -0.75 -1.306058) (layer F.Fab)
      (effects (font (size 1 1) (thickness 0.15)))
    )
    (fp_line (start -1.825 -0.555) (end -0.555 -1.825) (layer F.Fab) (width 0.1524))
    (fp_line (start -1.952 1.952) (end -1.222695 1.952) (layer F.SilkS) (width 0.1524))
    (fp_line (start 1.952 1.952) (end 1.952 1.472695) (layer F.SilkS) (width 0.1524))
    (fp_line (start 1.952 -1.952) (end 1.222695 -1.952) (layer F.SilkS) (width 0.1524))
    (fp_line (start -1.952 -1.952) (end -1.952 -1.472695) (layer F.SilkS) (width 0.1524))
    (fp_line (start -1.825 1.825) (end 1.825 1.825) (layer F.Fab) (width 0.1524))
    (fp_line (start 1.825 1.825) (end 1.825 -1.825) (layer F.Fab) (width 0.1524))
    (fp_line (start 1.825 -1.825) (end -1.825 -1.825) (layer F.Fab) (width 0.1524))
    (fp_line (start -1.825 -1.825) (end -1.825 1.825) (layer F.Fab) (width 0.1524))
    (fp_line (start -1.222695 -1.952) (end -1.952 -1.952) (layer F.SilkS) (width 0.1524))
    (fp_line (start -1.952 1.472695) (end -1.952 1.952) (layer F.SilkS) (width 0.1524))
    (fp_line (start -0.277307 1.952) (end 0.277307 1.952) (layer F.SilkS) (width 0.1524))
    (fp_line (start 1.222695 1.952) (end 1.952 1.952) (layer F.SilkS) (width 0.1524))
    (fp_line (start 1.952 -1.472695) (end 1.952 -1.952) (layer F.SilkS) (width 0.1524))
    (fp_line (start 0.277307 -1.952) (end -0.277307 -1.952) (layer F.SilkS) (width 0.1524))
    (fp_line (start 2.701943 0.309499) (end 2.701943 0.690499) (layer F.SilkS) (width 0.1524))
    (fp_line (start 2.701943 0.690499) (end 2.447943 0.690499) (layer F.SilkS) (width 0.1524))
    (fp_line (start 2.447943 0.690499) (end 2.447943 0.309499) (layer F.SilkS) (width 0.1524))
    (fp_line (start 2.447943 0.309499) (end 2.701943 0.309499) (layer F.SilkS) (width 0.1524))
    (fp_line (start -2.143143 -1.089155) (end -2.143143 -0.910847) (layer Dwgs.User) (width 0.1524))
    (fp_line (start -2.143143 -0.910847) (end -1.394859 -0.910847) (layer Dwgs.User) (width 0.1524))
    (fp_line (start -1.394859 -0.910847) (end -1.394859 -1.089155) (layer Dwgs.User) (width 0.1524))
    (fp_line (start -1.394859 -1.089155) (end -2.143143 -1.089155) (layer Dwgs.User) (width 0.1524))
    (fp_line (start -2.143143 -0.589153) (end -2.143143 -0.410845) (layer Dwgs.User) (width 0.1524))
    (fp_line (start -2.143143 -0.410845) (end -1.394859 -0.410845) (layer Dwgs.User) (width 0.1524))
    (fp_line (start -1.394859 -0.410845) (end -1.394859 -0.589153) (layer Dwgs.User) (width 0.1524))
    (fp_line (start -1.394859 -0.589153) (end -2.143143 -0.589153) (layer Dwgs.User) (width 0.1524))
    (fp_line (start -2.143143 -0.089154) (end -2.143143 0.089154) (layer Dwgs.User) (width 0.1524))
    (fp_line (start -2.143143 0.089154) (end -1.394859 0.089154) (layer Dwgs.User) (width 0.1524))
    (fp_line (start -1.394859 0.089154) (end -1.394859 -0.089154) (layer Dwgs.User) (width 0.1524))
    (fp_line (start -1.394859 -0.089154) (end -2.143143 -0.089154) (layer Dwgs.User) (width 0.1524))
    (fp_line (start -2.143143 0.410845) (end -2.143143 0.589153) (layer Dwgs.User) (width 0.1524))
    (fp_line (start -2.143143 0.589153) (end -1.394859 0.589153) (layer Dwgs.User) (width 0.1524))
    (fp_line (start -1.394859 0.589153) (end -1.394859 0.410845) (layer Dwgs.User) (width 0.1524))
    (fp_line (start -1.394859 0.410845) (end -2.143143 0.410845) (layer Dwgs.User) (width 0.1524))
    (fp_line (start -2.143143 0.910847) (end -2.143143 1.089155) (layer Dwgs.User) (width 0.1524))
    (fp_line (start -2.143143 1.089155) (end -1.394859 1.089155) (layer Dwgs.User) (width 0.1524))
    (fp_line (start -1.394859 1.089155) (end -1.394859 0.910847) (layer Dwgs.User) (width 0.1524))
    (fp_line (start -1.394859 0.910847) (end -2.143143 0.910847) (layer Dwgs.User) (width 0.1524))
    (fp_line (start -0.839155 1.356858) (end -0.839155 2.105142) (layer Dwgs.User) (width 0.1524))
    (fp_line (start -0.839155 2.105142) (end -0.660847 2.105142) (layer Dwgs.User) (width 0.1524))
    (fp_line (start -0.660847 2.105142) (end -0.660847 1.356858) (layer Dwgs.User) (width 0.1524))
    (fp_line (start -0.660847 1.356858) (end -0.839155 1.356858) (layer Dwgs.User) (width 0.1524))
    (fp_line (start 0.660847 1.356858) (end 0.660847 2.105142) (layer Dwgs.User) (width 0.1524))
    (fp_line (start 0.660847 2.105142) (end 0.839155 2.105142) (layer Dwgs.User) (width 0.1524))
    (fp_line (start 0.839155 2.105142) (end 0.839155 1.356858) (layer Dwgs.User) (width 0.1524))
    (fp_line (start 0.839155 1.356858) (end 0.660847 1.356858) (layer Dwgs.User) (width 0.1524))
    (fp_line (start 1.394859 0.910847) (end 1.394859 1.089155) (layer Dwgs.User) (width 0.1524))
    (fp_line (start 1.394859 1.089155) (end 2.143143 1.089155) (layer Dwgs.User) (width 0.1524))
    (fp_line (start 2.143143 1.089155) (end 2.143143 0.910847) (layer Dwgs.User) (width 0.1524))
    (fp_line (start 2.143143 0.910847) (end 1.394859 0.910847) (layer Dwgs.User) (width 0.1524))
    (fp_line (start 1.394859 0.410845) (end 1.394859 0.589153) (layer Dwgs.User) (width 0.1524))
    (fp_line (start 1.394859 0.589153) (end 2.143143 0.589153) (layer Dwgs.User) (width 0.1524))
    (fp_line (start 2.143143 0.589153) (end 2.143143 0.410845) (layer Dwgs.User) (width 0.1524))
    (fp_line (start 2.143143 0.410845) (end 1.394859 0.410845) (layer Dwgs.User) (width 0.1524))
    (fp_line (start 1.394859 -0.089154) (end 1.394859 0.089154) (layer Dwgs.User) (width 0.1524))
    (fp_line (start 1.394859 0.089154) (end 2.143143 0.089154) (layer Dwgs.User) (width 0.1524))
    (fp_line (start 2.143143 0.089154) (end 2.143143 -0.089154) (layer Dwgs.User) (width 0.1524))
    (fp_line (start 2.143143 -0.089154) (end 1.394859 -0.089154) (layer Dwgs.User) (width 0.1524))
    (fp_line (start 1.394859 -0.589153) (end 1.394859 -0.410845) (layer Dwgs.User) (width 0.1524))
    (fp_line (start 1.394859 -0.410845) (end 2.143143 -0.410845) (layer Dwgs.User) (width 0.1524))
    (fp_line (start 2.143143 -0.410845) (end 2.143143 -0.589153) (layer Dwgs.User) (width 0.1524))
    (fp_line (start 2.143143 -0.589153) (end 1.394859 -0.589153) (layer Dwgs.User) (width 0.1524))
    (fp_line (start 1.394859 -1.089155) (end 1.394859 -0.910847) (layer Dwgs.User) (width 0.1524))
    (fp_line (start 1.394859 -0.910847) (end 2.143143 -0.910847) (layer Dwgs.User) (width 0.1524))
    (fp_line (start 2.143143 -0.910847) (end 2.143143 -1.089155) (layer Dwgs.User) (width 0.1524))
    (fp_line (start 2.143143 -1.089155) (end 1.394859 -1.089155) (layer Dwgs.User) (width 0.1524))
    (fp_line (start 0.660847 -2.105142) (end 0.660847 -1.356858) (layer Dwgs.User) (width 0.1524))
    (fp_line (start 0.660847 -1.356858) (end 0.839155 -1.356858) (layer Dwgs.User) (width 0.1524))
    (fp_line (start 0.839155 -1.356858) (end 0.839155 -2.105142) (layer Dwgs.User) (width 0.1524))
    (fp_line (start 0.839155 -2.105142) (end 0.660847 -2.105142) (layer Dwgs.User) (width 0.1524))
    (fp_line (start -0.839155 -2.105142) (end -0.839155 -1.356858) (layer Dwgs.User) (width 0.1524))
    (fp_line (start -0.839155 -1.356858) (end -0.660847 -1.356858) (layer Dwgs.User) (width 0.1524))
    (fp_line (start -0.660847 -1.356858) (end -0.660847 -2.105142) (layer Dwgs.User) (width 0.1524))
    (fp_line (start -0.660847 -2.105142) (end -0.839155 -2.105142) (layer Dwgs.User) (width 0.1524))
    (fp_line (start -2.263943 -1.209954) (end -2.263943 -0.790047) (layer Dwgs.User) (width 0.1524))
    (fp_line (start -2.263943 -0.790047) (end -1.274056 -0.790047) (layer Dwgs.User) (width 0.1524))
    (fp_line (start -1.274056 -0.790047) (end -1.274056 -1.209954) (layer Dwgs.User) (width 0.1524))
    (fp_line (start -1.274056 -1.209954) (end -2.263943 -1.209954) (layer Dwgs.User) (width 0.1524))
    (fp_line (start -2.263943 -0.709953) (end -2.263943 -0.290045) (layer Dwgs.User) (width 0.1524))
    (fp_line (start -2.263943 -0.290045) (end -1.274056 -0.290045) (layer Dwgs.User) (width 0.1524))
    (fp_line (start -1.274056 -0.290045) (end -1.274056 -0.709953) (layer Dwgs.User) (width 0.1524))
    (fp_line (start -1.274056 -0.709953) (end -2.263943 -0.709953) (layer Dwgs.User) (width 0.1524))
    (fp_line (start -2.263943 -0.209954) (end -2.263943 0.209954) (layer Dwgs.User) (width 0.1524))
    (fp_line (start -2.263943 0.209954) (end -1.274056 0.209954) (layer Dwgs.User) (width 0.1524))
    (fp_line (start -1.274056 0.209954) (end -1.274056 -0.209954) (layer Dwgs.User) (width 0.1524))
    (fp_line (start -1.274056 -0.209954) (end -2.263943 -0.209954) (layer Dwgs.User) (width 0.1524))
    (fp_line (start -2.263943 0.290045) (end -2.263943 0.709953) (layer Dwgs.User) (width 0.1524))
    (fp_line (start -2.263943 0.709953) (end -1.274056 0.709953) (layer Dwgs.User) (width 0.1524))
    (fp_line (start -1.274056 0.709953) (end -1.274056 0.290045) (layer Dwgs.User) (width 0.1524))
    (fp_line (start -1.274056 0.290045) (end -2.263943 0.290045) (layer Dwgs.User) (width 0.1524))
    (fp_line (start -2.263943 0.790047) (end -2.263943 1.209954) (layer Dwgs.User) (width 0.1524))
    (fp_line (start -2.263943 1.209954) (end -1.274056 1.209954) (layer Dwgs.User) (width 0.1524))
    (fp_line (start -1.274056 1.209954) (end -1.274056 0.790047) (layer Dwgs.User) (width 0.1524))
    (fp_line (start -1.274056 0.790047) (end -2.263943 0.790047) (layer Dwgs.User) (width 0.1524))
    (fp_line (start -0.959955 1.236058) (end -0.959955 2.225942) (layer Dwgs.User) (width 0.1524))
    (fp_line (start -0.959955 2.225942) (end -0.540047 2.225942) (layer Dwgs.User) (width 0.1524))
    (fp_line (start -0.540047 2.225942) (end -0.540047 1.236058) (layer Dwgs.User) (width 0.1524))
    (fp_line (start -0.540047 1.236058) (end -0.959955 1.236058) (layer Dwgs.User) (width 0.1524))
    (fp_line (start 0.540047 1.236058) (end 0.540047 2.225942) (layer Dwgs.User) (width 0.1524))
    (fp_line (start 0.540047 2.225942) (end 0.959955 2.225942) (layer Dwgs.User) (width 0.1524))
    (fp_line (start 0.959955 2.225942) (end 0.959955 1.236058) (layer Dwgs.User) (width 0.1524))
    (fp_line (start 0.959955 1.236058) (end 0.540047 1.236058) (layer Dwgs.User) (width 0.1524))
    (fp_line (start 1.274056 0.790047) (end 1.274056 1.209954) (layer Dwgs.User) (width 0.1524))
    (fp_line (start 1.274056 1.209954) (end 2.263943 1.209954) (layer Dwgs.User) (width 0.1524))
    (fp_line (start 2.263943 1.209954) (end 2.263943 0.790047) (layer Dwgs.User) (width 0.1524))
    (fp_line (start 2.263943 0.790047) (end 1.274056 0.790047) (layer Dwgs.User) (width 0.1524))
    (fp_line (start 1.274056 0.290045) (end 1.274056 0.709953) (layer Dwgs.User) (width 0.1524))
    (fp_line (start 1.274056 0.709953) (end 2.263943 0.709953) (layer Dwgs.User) (width 0.1524))
    (fp_line (start 2.263943 0.709953) (end 2.263943 0.290045) (layer Dwgs.User) (width 0.1524))
    (fp_line (start 2.263943 0.290045) (end 1.274056 0.290045) (layer Dwgs.User) (width 0.1524))
    (fp_line (start 1.274056 -0.209954) (end 1.274056 0.209954) (layer Dwgs.User) (width 0.1524))
    (fp_line (start 1.274056 0.209954) (end 2.263943 0.209954) (layer Dwgs.User) (width 0.1524))
